# 3ds Max Wavefront OBJ Exporter v0.97b - (c)2007 guruware
# File Created: 02.09.2019 17:32:22

#
# object Box001
#

v  -4.6252 0.0895 -3.9565
v  -4.6208 0.1397 -4.5329
v  -4.4915 0.1284 -4.5329
v  -4.4959 0.0782 -3.9565
v  -2.8638 20.2226 -2.1884
v  -2.7345 20.2113 -2.1884
v  -2.7301 20.2615 -2.7648
v  -2.8594 20.2728 -2.7648
# 8 vertices

vn -0.0868 -0.9924 -0.0872
vn 0.0868 0.9924 0.0872
vn -0.0076 -0.0868 0.9962
vn 0.9962 -0.0872 -0.0000
vn 0.0076 0.0868 -0.9962
vn -0.9962 0.0872 -0.0000
# 6 vertex normals

vt 1.0000 0.0000 0.0000
vt 1.0000 1.0000 0.0000
vt 0.0000 1.0000 0.0000
vt 0.0000 0.0000 0.0000
# 4 texture coords

g Box001
s 2
f 1/1/1 2/2/1 3/3/1 4/4/1 
s 4
f 5/4/2 6/1/2 7/2/2 8/3/2 
s 8
f 1/4/3 4/1/3 6/2/3 5/3/3 
s 16
f 4/4/4 3/1/4 7/2/4 6/3/4 
s 32
f 3/4/5 2/1/5 8/2/5 7/3/5 
s 64
f 2/4/6 1/1/6 5/2/6 8/3/6 
# 6 polygons

#
# object Box036
#

v  4.0807 4.1096 -4.1411
v  -4.1020 4.1096 -3.9621
v  -4.1047 4.1202 -4.0839
v  4.0781 4.1202 -4.2629
v  4.0814 4.4408 -4.1121
v  4.0787 4.4514 -4.2340
v  -4.1041 4.4514 -4.0549
v  -4.1014 4.4408 -3.9331
# 8 vertices

vn -0.0019 -0.9962 -0.0871
vn 0.0019 0.9962 0.0871
vn 0.9998 0.0000 -0.0219
vn -0.0218 0.0872 -0.9960
vn -0.9998 -0.0000 0.0219
vn 0.0218 -0.0872 0.9960
# 6 vertex normals

vt 1.0000 0.0000 0.0000
vt 1.0000 1.0000 0.0000
vt 0.0000 1.0000 0.0000
vt 0.0000 0.0000 0.0000
# 4 texture coords

g Box036
s 2
f 9/5/7 10/6/7 11/7/7 12/8/7 
s 4
f 13/8/8 14/5/8 15/6/8 16/7/8 
s 8
f 9/8/9 12/5/9 14/6/9 13/7/9 
s 16
f 12/8/10 11/5/10 15/6/10 14/7/10 
s 32
f 11/8/11 10/5/11 16/6/11 15/7/11 
s 64
f 10/8/12 9/5/12 13/6/12 16/7/12 
# 6 polygons

#
# object Box037
#

v  3.5435 8.6673 -3.7003
v  -3.5460 8.6673 -3.5451
v  -3.5487 8.6779 -3.6670
v  3.5408 8.6779 -3.8221
v  3.5441 8.9985 -3.6713
v  3.5415 9.0091 -3.7931
v  -3.5481 9.0091 -3.6380
v  -3.5454 8.9985 -3.5162
# 8 vertices

vn -0.0019 -0.9962 -0.0871
vn 0.0019 0.9962 0.0871
vn 0.9998 0.0000 -0.0219
vn -0.0218 0.0872 -0.9960
vn -0.9998 -0.0000 0.0219
vn 0.0218 -0.0872 0.9960
# 6 vertex normals

vt 1.0000 0.0000 0.0000
vt 1.0000 1.0000 0.0000
vt 0.0000 1.0000 0.0000
vt 0.0000 0.0000 0.0000
# 4 texture coords

g Box037
s 2
f 17/9/13 18/10/13 19/11/13 20/12/13 
s 4
f 21/12/14 22/9/14 23/10/14 24/11/14 
s 8
f 17/12/15 20/9/15 22/10/15 21/11/15 
s 16
f 20/12/16 19/9/16 23/10/16 22/11/16 
s 32
f 19/12/17 18/9/17 24/10/17 23/11/17 
s 64
f 18/12/18 17/9/18 21/10/18 24/11/18 
# 6 polygons

#
# object Box038
#

v  3.2531 13.7609 -3.2449
v  -3.2360 13.7609 -3.1029
v  -3.2387 13.7715 -3.2247
v  3.2505 13.7715 -3.3667
v  3.2538 14.0921 -3.2159
v  3.2511 14.1027 -3.3377
v  -3.2380 14.1027 -3.1957
v  -3.2354 14.0921 -3.0739
# 8 vertices

vn -0.0019 -0.9962 -0.0871
vn 0.0019 0.9962 0.0871
vn 0.9998 0.0000 -0.0219
vn -0.0218 0.0872 -0.9960
vn -0.9998 -0.0000 0.0219
vn 0.0218 -0.0872 0.9960
# 6 vertex normals

vt 1.0000 0.0000 0.0000
vt 1.0000 1.0000 0.0000
vt 0.0000 1.0000 0.0000
vt 0.0000 0.0000 0.0000
# 4 texture coords

g Box038
s 2
f 25/13/19 26/14/19 27/15/19 28/16/19 
s 4
f 29/16/20 30/13/20 31/14/20 32/15/20 
s 8
f 25/16/21 28/13/21 30/14/21 29/15/21 
s 16
f 28/16/22 27/13/22 31/14/22 30/15/22 
s 32
f 27/16/23 26/13/23 32/14/23 31/15/23 
s 64
f 26/16/24 25/13/24 29/14/24 32/15/24 
# 6 polygons

#
# object Box039
#

v  2.9817 17.3716 -2.9259
v  -2.9509 17.3716 -2.7961
v  -2.9536 17.3823 -2.9180
v  2.9791 17.3823 -3.0478
v  2.9824 17.7028 -2.8970
v  2.9797 17.7135 -3.0188
v  -2.9530 17.7135 -2.8890
v  -2.9503 17.7028 -2.7672
# 8 vertices

vn -0.0019 -0.9962 -0.0871
vn 0.0019 0.9962 0.0871
vn 0.9998 0.0000 -0.0219
vn -0.0218 0.0872 -0.9960
vn -0.9998 -0.0000 0.0219
vn 0.0218 -0.0872 0.9960
# 6 vertex normals

vt 1.0000 0.0000 0.0000
vt 1.0000 1.0000 0.0000
vt 0.0000 1.0000 0.0000
vt 0.0000 0.0000 0.0000
# 4 texture coords

g Box039
s 2
f 33/17/25 34/18/25 35/19/25 36/20/25 
s 4
f 37/20/26 38/17/26 39/18/26 40/19/26 
s 8
f 33/20/27 36/17/27 38/18/27 37/19/27 
s 16
f 36/20/28 35/17/28 39/18/28 38/19/28 
s 32
f 35/20/29 34/17/29 40/18/29 39/19/29 
s 64
f 34/20/30 33/17/30 37/18/30 40/19/30 
# 6 polygons

#
# object Box040
#

v  2.7191 19.9059 -2.7079
v  -2.6790 19.9059 -2.5898
v  -2.6817 19.9165 -2.7116
v  2.7165 19.9165 -2.8297
v  2.7198 20.2371 -2.6789
v  2.7171 20.2477 -2.8007
v  -2.6811 20.2477 -2.6826
v  -2.6784 20.2371 -2.5608
# 8 vertices

vn -0.0019 -0.9962 -0.0871
vn 0.0019 0.9962 0.0871
vn 0.9998 0.0000 -0.0219
vn -0.0218 0.0872 -0.9960
vn -0.9998 -0.0000 0.0219
vn 0.0218 -0.0872 0.9960
# 6 vertex normals

vt 1.0000 0.0000 0.0000
vt 1.0000 1.0000 0.0000
vt 0.0000 1.0000 0.0000
vt 0.0000 0.0000 0.0000
# 4 texture coords

g Box040
s 2
f 41/21/31 42/22/31 43/23/31 44/24/31 
s 4
f 45/24/32 46/21/32 47/22/32 48/23/32 
s 8
f 41/24/33 44/21/33 46/22/33 45/23/33 
s 16
f 44/24/34 43/21/34 47/22/34 46/23/34 
s 32
f 43/24/35 42/21/35 48/22/35 47/23/35 
s 64
f 42/24/36 41/21/36 45/22/36 48/23/36 
# 6 polygons

#
# object Box041
#

v  3.4146 8.4874 -3.7374
v  -3.6718 4.3951 -3.8946
v  -3.6745 4.4043 -4.0166
v  3.4119 8.4967 -3.8593
v  3.2484 8.7743 -3.7121
v  3.2457 8.7835 -3.8340
v  -3.8407 4.6911 -3.9913
v  -3.8381 4.6819 -3.8694
# 8 vertices

vn 0.4999 -0.8627 -0.0761
vn -0.4999 0.8627 0.0761
vn 0.8658 0.5000 0.0192
vn -0.0215 0.0755 -0.9969
vn -0.8658 -0.5000 -0.0192
vn 0.0215 -0.0755 0.9969
# 6 vertex normals

vt 1.0000 0.0000 0.0000
vt 1.0000 1.0000 0.0000
vt 0.0000 1.0000 0.0000
vt 0.0000 0.0000 0.0000
# 4 texture coords

g Box041
s 2
f 49/25/37 50/26/37 51/27/37 52/28/37 
s 4
f 53/28/38 54/25/38 55/26/38 56/27/38 
s 8
f 49/28/39 52/25/39 54/26/39 53/27/39 
s 16
f 52/28/40 51/25/40 55/26/40 54/27/40 
s 32
f 51/28/41 50/25/41 56/26/41 55/27/41 
s 64
f 50/28/42 49/25/42 53/26/42 56/27/42 
# 6 polygons

#
# object Box042
#

v  3.2789 8.7608 -3.6998
v  -3.0868 13.8709 -3.1055
v  -3.0948 13.8752 -3.2275
v  3.2710 8.7650 -3.8217
v  3.4868 9.0202 -3.7043
v  3.4788 9.0245 -3.8263
v  -2.8869 14.1346 -3.2320
v  -2.8790 14.1304 -3.1100
# 8 vertices

vn -0.6252 -0.7804 0.0136
vn 0.6252 0.7804 -0.0136
vn 0.7778 -0.6244 -0.0726
vn -0.0651 0.0348 -0.9973
vn -0.7778 0.6244 0.0726
vn 0.0651 -0.0348 0.9973
# 6 vertex normals

vt 1.0000 0.0000 0.0000
vt 1.0000 1.0000 0.0000
vt 0.0000 1.0000 0.0000
vt 0.0000 0.0000 0.0000
# 4 texture coords

g Box042
s 2
f 57/29/43 58/30/43 59/31/43 60/32/43 
s 4
f 61/32/44 62/29/44 63/30/44 64/31/44 
s 8
f 57/32/45 60/29/45 62/30/45 61/31/45 
s 16
f 60/32/46 59/29/46 63/30/46 62/31/46 
s 32
f 59/32/47 58/29/47 64/30/47 63/31/47 
s 64
f 58/32/48 57/29/48 61/30/48 64/31/48 
# 6 polygons

#
# object Box043
#

v  2.7628 17.3758 -2.8995
v  -2.7362 13.9300 -3.0302
v  -2.7392 13.9395 -3.1522
v  2.7598 17.3852 -3.0214
v  2.5863 17.6564 -2.8735
v  2.5833 17.6658 -2.9954
v  -2.9156 14.2200 -3.1261
v  -2.9126 14.2106 -3.0042
# 8 vertices

vn 0.5307 -0.8439 -0.0783
vn -0.5307 0.8439 0.0783
vn 0.8472 0.5309 0.0201
vn -0.0246 0.0770 -0.9967
vn -0.8472 -0.5309 -0.0201
vn 0.0246 -0.0770 0.9967
# 6 vertex normals

vt 1.0000 0.0000 0.0000
vt 1.0000 1.0000 0.0000
vt 0.0000 1.0000 0.0000
vt 0.0000 0.0000 0.0000
# 4 texture coords

g Box043
s 2
f 65/33/49 66/34/49 67/35/49 68/36/49 
s 4
f 69/36/50 70/33/50 71/34/50 72/35/50 
s 8
f 65/36/51 68/33/51 70/34/51 69/35/51 
s 16
f 68/36/52 67/33/52 71/34/52 70/35/52 
s 32
f 67/36/53 66/33/53 72/34/53 71/35/53 
s 64
f 66/36/54 65/33/54 69/34/54 72/35/54 
# 6 polygons

#
# object Box044
#

v  2.7213 17.4750 -2.8585
v  -2.6862 19.9057 -2.6046
v  -2.6875 19.9155 -2.7265
v  2.7200 17.4848 -2.9804
v  2.8582 17.7771 -2.8355
v  2.8569 17.7870 -2.9575
v  -2.5506 20.2176 -2.7035
v  -2.5493 20.2078 -2.5816
# 8 vertices

vn -0.4117 -0.9087 -0.0692
vn 0.4117 0.9087 0.0692
vn 0.9113 -0.4096 -0.0428
vn -0.0106 0.0806 -0.9967
vn -0.9113 0.4096 0.0428
vn 0.0106 -0.0806 0.9967
# 6 vertex normals

vt 1.0000 0.0000 0.0000
vt 1.0000 1.0000 0.0000
vt 0.0000 1.0000 0.0000
vt 0.0000 0.0000 0.0000
# 4 texture coords

g Box044
s 2
f 73/37/55 74/38/55 75/39/55 76/40/55 
s 4
f 77/40/56 78/37/56 79/38/56 80/39/56 
s 8
f 73/40/57 76/37/57 78/38/57 77/39/57 
s 16
f 76/40/58 75/37/58 79/38/58 78/39/58 
s 32
f 75/40/59 74/37/59 80/38/59 79/39/59 
s 64
f 74/40/60 73/37/60 77/38/60 80/39/60 
# 6 polygons

#
# object Box027
#

v  -4.1508 4.1096 -4.0857
v  -4.1508 4.1096 4.0990
v  -4.2727 4.1202 4.0990
v  -4.2727 4.1202 -4.0857
v  -4.1218 4.4408 -4.0857
v  -4.2437 4.4514 -4.0857
v  -4.2437 4.4514 4.0990
v  -4.1218 4.4408 4.0990
# 8 vertices

vn -0.0872 -0.9962 -0.0000
vn 0.0872 0.9962 0.0000
vn -0.0000 -0.0000 -1.0000
vn -0.9962 0.0872 0.0000
vn 0.0000 0.0000 1.0000
vn 0.9962 -0.0872 -0.0000
# 6 vertex normals

vt 1.0000 0.0000 0.0000
vt 1.0000 1.0000 0.0000
vt 0.0000 1.0000 0.0000
vt 0.0000 0.0000 0.0000
# 4 texture coords

g Box027
s 2
f 81/41/61 82/42/61 83/43/61 84/44/61 
s 4
f 85/44/62 86/41/62 87/42/62 88/43/62 
s 8
f 81/44/63 84/41/63 86/42/63 85/43/63 
s 16
f 84/44/64 83/41/64 87/42/64 86/43/64 
s 32
f 83/44/65 82/41/65 88/42/65 87/43/65 
s 64
f 82/44/66 81/41/66 85/42/66 88/43/66 
# 6 polygons

#
# object Box028
#

v  -3.7218 8.6673 -3.5389
v  -3.7218 8.6673 3.5523
v  -3.8437 8.6779 3.5523
v  -3.8437 8.6779 -3.5389
v  -3.6929 8.9985 -3.5389
v  -3.8147 9.0091 -3.5389
v  -3.8147 9.0091 3.5523
v  -3.6929 8.9985 3.5523
# 8 vertices

vn -0.0872 -0.9962 -0.0000
vn 0.0872 0.9962 0.0000
vn -0.0000 0.0000 -1.0000
vn -0.9962 0.0872 0.0000
vn 0.0000 -0.0000 1.0000
vn 0.9962 -0.0872 -0.0000
# 6 vertex normals

vt 1.0000 0.0000 0.0000
vt 1.0000 1.0000 0.0000
vt 0.0000 1.0000 0.0000
vt 0.0000 0.0000 0.0000
# 4 texture coords

g Box028
s 2
f 89/45/67 90/46/67 91/47/67 92/48/67 
s 4
f 93/48/68 94/45/68 95/46/68 96/47/68 
s 8
f 89/48/69 92/45/69 94/46/69 93/47/69 
s 16
f 92/48/70 91/45/70 95/46/70 94/47/70 
s 32
f 91/48/71 90/45/71 96/46/71 95/47/71 
s 64
f 90/48/72 89/45/72 93/46/72 96/47/72 
# 6 polygons

#
# object Box029
#

v  -3.2729 13.7609 -3.2387
v  -3.2729 13.7609 3.2520
v  -3.3948 13.7715 3.2520
v  -3.3948 13.7715 -3.2387
v  -3.2439 14.0921 -3.2387
v  -3.3658 14.1027 -3.2386
v  -3.3658 14.1027 3.2520
v  -3.2439 14.0921 3.2520
# 8 vertices

vn -0.0872 -0.9962 -0.0000
vn 0.0872 0.9962 0.0000
vn -0.0000 0.0000 -1.0000
vn -0.9962 0.0872 0.0000
vn 0.0000 -0.0000 1.0000
vn 0.9962 -0.0872 -0.0000
# 6 vertex normals

vt 1.0000 0.0000 0.0000
vt 1.0000 1.0000 0.0000
vt 0.0000 1.0000 0.0000
vt 0.0000 0.0000 0.0000
# 4 texture coords

g Box029
s 2
f 97/49/73 98/50/73 99/51/73 100/52/73 
s 4
f 101/52/74 102/49/74 103/50/74 104/51/74 
s 8
f 97/52/75 100/49/75 102/50/75 101/51/75 
s 16
f 100/52/76 99/49/76 103/50/76 102/51/76 
s 32
f 99/52/77 98/49/77 104/50/77 103/51/77 
s 64
f 98/52/78 97/49/78 101/50/78 104/51/78 
# 6 polygons

#
# object Box030
#

v  -2.9600 17.3716 -2.9604
v  -2.9600 17.3716 2.9737
v  -3.0818 17.3823 2.9737
v  -3.0818 17.3823 -2.9604
v  -2.9310 17.7028 -2.9604
v  -3.0529 17.7135 -2.9604
v  -3.0529 17.7135 2.9737
v  -2.9310 17.7028 2.9737
# 8 vertices

vn -0.0872 -0.9962 -0.0000
vn 0.0872 0.9962 0.0000
vn -0.0000 0.0000 -1.0000
vn -0.9962 0.0872 0.0000
vn 0.0000 -0.0000 1.0000
vn 0.9962 -0.0872 -0.0000
# 6 vertex normals

vt 1.0000 0.0000 0.0000
vt 1.0000 1.0000 0.0000
vt 0.0000 1.0000 0.0000
vt 0.0000 0.0000 0.0000
# 4 texture coords

g Box030
s 2
f 105/53/79 106/54/79 107/55/79 108/56/79 
s 4
f 109/56/80 110/53/80 111/54/80 112/55/80 
s 8
f 105/56/81 108/53/81 110/54/81 109/55/81 
s 16
f 108/56/82 107/53/82 111/54/82 110/55/82 
s 32
f 107/56/83 106/53/83 112/54/83 111/55/83 
s 64
f 106/56/84 105/53/84 109/54/84 112/55/84 
# 6 polygons

#
# object Box031
#

v  -2.7477 19.9059 -2.6930
v  -2.7477 19.9059 2.7064
v  -2.8696 19.9165 2.7064
v  -2.8696 19.9165 -2.6930
v  -2.7188 20.2371 -2.6930
v  -2.8406 20.2477 -2.6930
v  -2.8406 20.2477 2.7064
v  -2.7188 20.2371 2.7064
# 8 vertices

vn -0.0872 -0.9962 -0.0000
vn 0.0872 0.9962 0.0000
vn -0.0000 -0.0000 -1.0000
vn -0.9962 0.0872 0.0000
vn 0.0000 0.0000 1.0000
vn 0.9962 -0.0872 -0.0000
# 6 vertex normals

vt 1.0000 0.0000 0.0000
vt 1.0000 1.0000 0.0000
vt 0.0000 1.0000 0.0000
vt 0.0000 0.0000 0.0000
# 4 texture coords

g Box031
s 2
f 113/57/85 114/58/85 115/59/85 116/60/85 
s 4
f 117/60/86 118/57/86 119/58/86 120/59/86 
s 8
f 113/60/87 116/57/87 118/58/87 117/59/87 
s 16
f 116/60/88 115/57/88 119/58/88 118/59/88 
s 32
f 115/60/89 114/57/89 120/58/89 119/59/89 
s 64
f 114/60/90 113/57/90 117/58/90 120/59/90 
# 6 polygons

#
# object Box032
#

v  -3.7617 8.4874 -3.4108
v  -4.0740 4.3951 3.6704
v  -4.1960 4.4043 3.6704
v  -3.8837 8.4967 -3.4109
v  -3.7401 8.7743 -3.2441
v  -3.8621 8.7835 -3.2441
v  -4.1743 4.6911 3.8371
v  -4.0524 4.6819 3.8372
# 8 vertices

vn -0.0651 -0.8627 -0.5015
vn 0.0651 0.8627 0.5015
vn 0.0382 0.5000 -0.8652
vn -0.9971 0.0755 -0.0004
vn -0.0382 -0.5000 0.8652
vn 0.9971 -0.0755 0.0004
# 6 vertex normals

vt 1.0000 0.0000 0.0000
vt 1.0000 1.0000 0.0000
vt 0.0000 1.0000 0.0000
vt 0.0000 0.0000 0.0000
# 4 texture coords

g Box032
s 2
f 121/61/91 122/62/91 123/63/91 124/64/91 
s 4
f 125/64/92 126/61/92 127/62/92 128/63/92 
s 8
f 121/64/93 124/61/93 126/62/93 125/63/93 
s 16
f 124/64/94 123/61/94 127/62/94 126/63/94 
s 32
f 123/64/95 122/61/95 128/62/95 127/63/95 
s 64
f 122/64/96 121/61/96 125/62/96 128/63/96 
# 6 polygons

#
# object Box033
#

v  -3.7271 8.7608 -3.2744
v  -3.2722 13.8709 3.1028
v  -3.3944 13.8752 3.1081
v  -3.8493 8.7650 -3.2691
v  -3.7271 9.0202 -3.4823
v  -3.8492 9.0245 -3.4770
v  -3.3943 14.1347 2.9002
v  -3.2722 14.1304 2.8949
# 8 vertices

vn -0.0001 -0.7804 0.6253
vn 0.0001 0.7804 -0.6253
vn -0.0556 -0.6244 -0.7792
vn -0.9985 0.0348 0.0433
vn 0.0556 0.6244 0.7792
vn 0.9985 -0.0348 -0.0433
# 6 vertex normals

vt 1.0000 0.0000 0.0000
vt 1.0000 1.0000 0.0000
vt 0.0000 1.0000 0.0000
vt 0.0000 0.0000 0.0000
# 4 texture coords

g Box033
s 2
f 129/65/97 130/66/97 131/67/97 132/68/97 
s 4
f 133/68/98 134/65/98 135/66/98 136/67/98 
s 8
f 129/68/99 132/65/99 134/66/99 133/67/99 
s 16
f 132/68/100 131/65/100 135/66/100 134/67/100 
s 32
f 131/68/101 130/65/101 136/66/101 135/67/101 
s 64
f 130/68/102 129/65/102 133/66/102 136/67/102 
# 6 polygons

#
# object Box034
#

v  -2.9384 17.3758 -2.7409
v  -3.1893 13.9300 2.7539
v  -3.3113 13.9395 2.7543
v  -3.0603 17.3852 -2.7405
v  -2.9162 17.6564 -2.5639
v  -3.0382 17.6658 -2.5636
v  -3.2891 14.2200 2.9312
v  -3.1672 14.2106 2.9309
# 8 vertices

vn -0.0667 -0.8439 -0.5323
vn 0.0667 0.8439 0.5323
vn 0.0387 0.5309 -0.8466
vn -0.9970 0.0770 0.0028
vn -0.0387 -0.5309 0.8466
vn 0.9970 -0.0770 -0.0028
# 6 vertex normals

vt 1.0000 0.0000 0.0000
vt 1.0000 1.0000 0.0000
vt 0.0000 1.0000 0.0000
vt 0.0000 0.0000 0.0000
# 4 texture coords

g Box034
s 2
f 137/69/103 138/70/103 139/71/103 140/72/103 
s 4
f 141/72/104 142/69/104 143/70/104 144/71/104 
s 8
f 137/72/105 140/69/105 142/70/105 141/71/105 
s 16
f 140/72/106 139/69/106 143/70/106 142/71/106 
s 32
f 139/72/107 138/69/107 144/70/107 143/71/107 
s 64
f 138/72/108 137/69/108 141/70/108 144/71/108 
# 6 polygons

#
# object Box035
#

v  -2.8983 17.4750 -2.6985
v  -2.7627 19.9057 2.7133
v  -2.8846 19.9155 2.7119
v  -3.0202 17.4849 -2.6999
v  -2.8723 17.7771 -2.8348
v  -2.9942 17.7870 -2.8362
v  -2.8586 20.2176 2.5755
v  -2.7367 20.2078 2.5769
# 8 vertices

vn -0.0782 -0.9087 0.4101
vn 0.0782 0.9087 -0.4101
vn -0.0229 -0.4096 -0.9120
vn -0.9967 0.0806 -0.0112
vn 0.0229 0.4096 0.9120
vn 0.9967 -0.0806 0.0112
# 6 vertex normals

vt 1.0000 0.0000 0.0000
vt 1.0000 1.0000 0.0000
vt 0.0000 1.0000 0.0000
vt 0.0000 0.0000 0.0000
# 4 texture coords

g Box035
s 2
f 145/73/109 146/74/109 147/75/109 148/76/109 
s 4
f 149/76/110 150/73/110 151/74/110 152/75/110 
s 8
f 145/76/111 148/73/111 150/74/111 149/75/111 
s 16
f 148/76/112 147/73/112 151/74/112 150/75/112 
s 32
f 147/76/113 146/73/113 152/74/113 151/75/113 
s 64
f 146/76/114 145/73/114 149/74/114 152/75/114 
# 6 polygons

#
# object Box018
#

v  -4.1337 4.1096 3.9279
v  4.0470 4.1096 4.1852
v  4.0432 4.1202 4.3070
v  -4.1375 4.1202 4.0497
v  -4.1327 4.4408 3.8990
v  -4.1366 4.4514 4.0208
v  4.0441 4.4514 4.2780
v  4.0479 4.4408 4.1562
# 8 vertices

vn -0.0027 -0.9962 0.0871
vn 0.0027 0.9962 -0.0871
vn -0.9995 -0.0000 -0.0314
vn -0.0313 0.0872 0.9957
vn 0.9995 0.0000 0.0314
vn 0.0313 -0.0872 -0.9957
# 6 vertex normals

vt 1.0000 0.0000 0.0000
vt 1.0000 1.0000 0.0000
vt 0.0000 1.0000 0.0000
vt 0.0000 0.0000 0.0000
# 4 texture coords

g Box018
s 2
f 153/77/115 154/78/115 155/79/115 156/80/115 
s 4
f 157/80/116 158/77/116 159/78/116 160/79/116 
s 8
f 153/80/117 156/77/117 158/78/117 157/79/117 
s 16
f 156/80/118 155/77/118 159/78/118 158/79/118 
s 32
f 155/80/119 154/77/119 160/78/119 159/79/119 
s 64
f 154/80/120 153/77/120 157/78/120 160/79/120 
# 6 polygons

#
# object Box019
#

v  -3.5737 8.6673 3.5163
v  3.5140 8.6673 3.7392
v  3.5102 8.6779 3.8610
v  -3.5775 8.6779 3.6381
v  -3.5728 8.9985 3.4874
v  -3.5766 9.0091 3.6092
v  3.5111 9.0091 3.8321
v  3.5149 8.9985 3.7103
# 8 vertices

vn -0.0027 -0.9962 0.0871
vn 0.0027 0.9962 -0.0871
vn -0.9995 0.0000 -0.0314
vn -0.0313 0.0872 0.9957
vn 0.9995 -0.0000 0.0314
vn 0.0313 -0.0872 -0.9957
# 6 vertex normals

vt 1.0000 0.0000 0.0000
vt 1.0000 1.0000 0.0000
vt 0.0000 1.0000 0.0000
vt 0.0000 0.0000 0.0000
# 4 texture coords

g Box019
s 2
f 161/81/121 162/82/121 163/83/121 164/84/121 
s 4
f 165/84/122 166/81/122 167/82/122 168/83/122 
s 8
f 161/84/123 164/81/123 166/82/123 165/83/123 
s 16
f 164/84/124 163/81/124 167/82/124 166/83/124 
s 32
f 163/84/125 162/81/125 168/82/125 167/83/125 
s 64
f 162/84/126 161/81/126 165/82/126 168/83/126 
# 6 polygons

#
# object Box020
#

v  -3.2595 13.7609 3.0771
v  3.2280 13.7609 3.2811
v  3.2242 13.7715 3.4029
v  -3.2633 13.7715 3.1989
v  -3.2586 14.0921 3.0481
v  -3.2624 14.1027 3.1699
v  3.2251 14.1027 3.3739
v  3.2289 14.0921 3.2521
# 8 vertices

vn -0.0027 -0.9962 0.0871
vn 0.0027 0.9962 -0.0871
vn -0.9995 0.0000 -0.0314
vn -0.0313 0.0872 0.9957
vn 0.9995 -0.0000 0.0314
vn 0.0313 -0.0872 -0.9957
# 6 vertex normals

vt 1.0000 0.0000 0.0000
vt 1.0000 1.0000 0.0000
vt 0.0000 1.0000 0.0000
vt 0.0000 0.0000 0.0000
# 4 texture coords

g Box020
s 2
f 169/85/127 170/86/127 171/87/127 172/88/127 
s 4
f 173/88/128 174/85/128 175/86/128 176/87/128 
s 8
f 169/88/129 172/85/129 174/86/129 173/87/129 
s 16
f 172/88/130 171/85/130 175/86/130 174/87/130 
s 32
f 171/88/131 170/85/131 176/86/131 175/87/131 
s 64
f 170/88/132 169/85/132 173/86/132 176/87/132 
# 6 polygons

#
# object Box021
#

v  -2.9715 17.3716 2.7730
v  2.9597 17.3716 2.9596
v  2.9559 17.3823 3.0814
v  -2.9753 17.3823 2.8948
v  -2.9706 17.7028 2.7441
v  -2.9744 17.7135 2.8659
v  2.9568 17.7135 3.0524
v  2.9606 17.7028 2.9306
# 8 vertices

vn -0.0027 -0.9962 0.0871
vn 0.0027 0.9962 -0.0871
vn -0.9995 0.0000 -0.0314
vn -0.0313 0.0872 0.9957
vn 0.9995 -0.0000 0.0314
vn 0.0313 -0.0872 -0.9957
# 6 vertex normals

vt 1.0000 0.0000 0.0000
vt 1.0000 1.0000 0.0000
vt 0.0000 1.0000 0.0000
vt 0.0000 0.0000 0.0000
# 4 texture coords

g Box021
s 2
f 177/89/133 178/90/133 179/91/133 180/92/133 
s 4
f 181/92/134 182/89/134 183/90/134 184/91/134 
s 8
f 177/92/135 180/89/135 182/90/135 181/91/135 
s 16
f 180/92/136 179/89/136 183/90/136 182/91/136 
s 32
f 179/92/137 178/89/137 184/90/137 183/91/137 
s 64
f 178/92/138 177/89/138 181/90/138 184/91/138 
# 6 polygons

#
# object Box022
#

v  -2.6976 19.9059 2.5693
v  2.6992 19.9059 2.7390
v  2.6953 19.9165 2.8608
v  -2.7014 19.9165 2.6911
v  -2.6967 20.2371 2.5403
v  -2.7005 20.2477 2.6621
v  2.6963 20.2477 2.8319
v  2.7001 20.2371 2.7101
# 8 vertices

vn -0.0027 -0.9962 0.0871
vn 0.0027 0.9962 -0.0871
vn -0.9995 -0.0000 -0.0314
vn -0.0313 0.0872 0.9957
vn 0.9995 0.0000 0.0314
vn 0.0313 -0.0872 -0.9957
# 6 vertex normals

vt 1.0000 0.0000 0.0000
vt 1.0000 1.0000 0.0000
vt 0.0000 1.0000 0.0000
vt 0.0000 0.0000 0.0000
# 4 texture coords

g Box022
s 2
f 185/93/139 186/94/139 187/95/139 188/96/139 
s 4
f 189/96/140 190/93/140 191/94/140 192/95/140 
s 8
f 185/96/141 188/93/141 190/94/141 189/95/141 
s 16
f 188/96/142 187/93/142 191/94/142 190/95/142 
s 32
f 187/96/143 186/93/143 192/94/143 191/95/143 
s 64
f 186/96/144 185/93/144 189/94/144 192/95/144 
# 6 polygons

#
# object Box023
#

v  -3.4469 8.4874 3.5603
v  3.6210 4.3951 4.0950
v  3.6172 4.4043 4.2169
v  -3.4508 8.4967 3.6822
v  -3.2796 8.7743 3.5439
v  -3.2835 8.7835 3.6658
v  3.7845 4.6911 4.2005
v  3.7884 4.6819 4.0786
# 8 vertices

vn -0.5033 -0.8627 0.0493
vn 0.5033 0.8627 -0.0493
vn -0.8636 0.5000 -0.0653
vn -0.0317 0.0755 0.9966
vn 0.8636 -0.5000 0.0653
vn 0.0317 -0.0755 -0.9966
# 6 vertex normals

vt 1.0000 0.0000 0.0000
vt 1.0000 1.0000 0.0000
vt 0.0000 1.0000 0.0000
vt 0.0000 0.0000 0.0000
# 4 texture coords

g Box023
s 2
f 193/97/145 194/98/145 195/99/145 196/100/145 
s 4
f 197/100/146 198/97/146 199/98/146 200/99/146 
s 8
f 193/100/147 196/97/147 198/98/147 197/99/147 
s 16
f 196/100/148 195/97/148 199/98/148 198/99/148 
s 32
f 195/100/149 194/97/149 200/98/149 199/99/149 
s 64
f 194/100/150 193/97/150 197/98/150 200/99/150 
# 6 polygons

#
# object Box024
#

v  -3.3095 8.7608 3.5299
v  3.0789 13.8709 3.2757
v  3.0803 13.8752 3.3980
v  -3.3080 8.7650 3.6522
v  -3.5173 9.0202 3.5234
v  -3.5158 9.0245 3.6456
v  2.8725 14.1346 3.3914
v  2.8711 14.1304 3.2691
# 8 vertices

vn 0.6250 -0.7804 0.0198
vn -0.6250 0.7804 -0.0198
vn -0.7805 -0.6244 0.0311
vn 0.0119 0.0348 0.9993
vn 0.7805 0.6244 -0.0311
vn -0.0119 -0.0348 -0.9993
# 6 vertex normals

vt 1.0000 0.0000 0.0000
vt 1.0000 1.0000 0.0000
vt 0.0000 1.0000 0.0000
vt 0.0000 0.0000 0.0000
# 4 texture coords

g Box024
s 2
f 201/101/151 202/102/151 203/103/151 204/104/151 
s 4
f 205/104/152 206/101/152 207/102/152 208/103/152 
s 8
f 201/104/153 204/101/153 206/102/153 205/103/153 
s 16
f 204/104/154 203/101/154 207/102/154 206/103/154 
s 32
f 203/104/155 202/101/155 208/102/155 207/103/155 
s 64
f 202/104/156 201/101/156 205/102/156 208/103/156 
# 6 polygons

#
# object Box025
#

v  -2.7514 17.3758 2.7583
v  2.7328 13.9300 3.1819
v  2.7293 13.9395 3.3038
v  -2.7549 17.3852 2.8802
v  -2.5738 17.6564 2.7417
v  -2.5773 17.6658 2.8637
v  2.9068 14.2200 3.2872
v  2.9103 14.2106 3.1653
# 8 vertices

vn -0.5341 -0.8439 0.0499
vn 0.5341 0.8439 -0.0499
vn -0.8449 0.5309 -0.0653
vn -0.0286 0.0770 0.9966
vn 0.8449 -0.5309 0.0653
vn 0.0286 -0.0770 -0.9966
# 6 vertex normals

vt 1.0000 0.0000 0.0000
vt 1.0000 1.0000 0.0000
vt 0.0000 1.0000 0.0000
vt 0.0000 0.0000 0.0000
# 4 texture coords

g Box025
s 2
f 209/105/157 210/106/157 211/107/157 212/108/157 
s 4
f 213/108/158 214/105/158 215/106/158 216/107/158 
s 8
f 209/108/159 212/105/159 214/106/159 213/107/159 
s 16
f 212/108/160 211/105/160 215/106/160 214/107/160 
s 32
f 211/108/161 210/105/161 216/106/161 215/107/161 
s 64
f 210/108/162 209/105/162 213/106/162 216/107/162 
# 6 polygons

#
# object Box026
#

v  -2.7078 17.4750 2.7196
v  2.7055 19.9057 2.7542
v  2.7003 19.9155 2.8760
v  -2.7130 17.4848 2.8414
v  -2.8433 17.7771 2.6894
v  -2.8485 17.7870 2.8112
v  2.5649 20.2176 2.8457
v  2.5701 20.2078 2.7239
# 8 vertices

vn 0.4074 -0.9087 0.0910
vn -0.4074 0.9087 -0.0910
vn -0.9122 -0.4096 -0.0058
vn -0.0426 0.0806 0.9958
vn 0.9122 0.4096 0.0058
vn 0.0426 -0.0806 -0.9958
# 6 vertex normals

vt 1.0000 0.0000 0.0000
vt 1.0000 1.0000 0.0000
vt 0.0000 1.0000 0.0000
vt 0.0000 0.0000 0.0000
# 4 texture coords

g Box026
s 2
f 217/109/163 218/110/163 219/111/163 220/112/163 
s 4
f 221/112/164 222/109/164 223/110/164 224/111/164 
s 8
f 217/112/165 220/109/165 222/110/165 221/111/165 
s 16
f 220/112/166 219/109/166 223/110/166 222/111/166 
s 32
f 219/112/167 218/109/167 224/110/167 223/111/167 
s 64
f 218/112/168 217/109/168 221/110/168 224/111/168 
# 6 polygons

#
# object Box009
#

v  4.1102 4.1096 4.1064
v  4.1102 4.1096 -4.0783
v  4.2321 4.1202 -4.0783
v  4.2321 4.1202 4.1064
v  4.0812 4.4408 4.1064
v  4.2031 4.4514 4.1064
v  4.2031 4.4514 -4.0783
v  4.0812 4.4408 -4.0783
# 8 vertices

vn 0.0872 -0.9962 0.0000
vn -0.0872 0.9962 -0.0000
vn -0.0000 0.0000 1.0000
vn 0.9962 0.0872 -0.0000
vn 0.0000 -0.0000 -1.0000
vn -0.9962 -0.0872 0.0000
# 6 vertex normals

vt 1.0000 0.0000 0.0000
vt 1.0000 1.0000 0.0000
vt 0.0000 1.0000 0.0000
vt 0.0000 0.0000 0.0000
# 4 texture coords

g Box009
s 2
f 225/113/169 226/114/169 227/115/169 228/116/169 
s 4
f 229/116/170 230/113/170 231/114/170 232/115/170 
s 8
f 225/116/171 228/113/171 230/114/171 229/115/171 
s 16
f 228/116/172 227/113/172 231/114/172 230/115/172 
s 32
f 227/116/173 226/113/173 232/114/173 231/115/173 
s 64
f 226/116/174 225/113/174 229/114/174 232/115/174 
# 6 polygons

#
# object Box017
#

v  2.8577 17.4750 2.7192
v  2.7221 19.9057 -2.6925
v  2.8440 19.9155 -2.6912
v  2.9796 17.4849 2.7206
v  2.8317 17.7771 2.8556
v  2.9536 17.7870 2.8569
v  2.8180 20.2176 -2.5548
v  2.6961 20.2078 -2.5562
# 8 vertices

vn 0.0782 -0.9087 -0.4101
vn -0.0782 0.9087 0.4101
vn 0.0229 -0.4096 0.9120
vn 0.9967 0.0806 0.0112
vn -0.0229 0.4096 -0.9120
vn -0.9967 -0.0806 -0.0112
# 6 vertex normals

vt 1.0000 0.0000 0.0000
vt 1.0000 1.0000 0.0000
vt 0.0000 1.0000 0.0000
vt 0.0000 0.0000 0.0000
# 4 texture coords

g Box017
s 2
f 233/117/175 234/118/175 235/119/175 236/120/175 
s 4
f 237/120/176 238/117/176 239/118/176 240/119/176 
s 8
f 233/120/177 236/117/177 238/118/177 237/119/177 
s 16
f 236/120/178 235/117/178 239/118/178 238/119/178 
s 32
f 235/120/179 234/117/179 240/118/179 239/119/179 
s 64
f 234/120/180 233/117/180 237/118/180 240/119/180 
# 6 polygons

#
# object Box016
#

v  2.8978 17.3758 2.7616
v  3.1487 13.9300 -2.7332
v  3.2707 13.9395 -2.7335
v  3.0197 17.3852 2.7612
v  2.8756 17.6564 2.5846
v  2.9976 17.6658 2.5843
v  3.2485 14.2200 -2.9105
v  3.1266 14.2106 -2.9102
# 8 vertices

vn 0.0667 -0.8439 0.5323
vn -0.0667 0.8439 -0.5323
vn -0.0387 0.5309 0.8466
vn 0.9970 0.0770 -0.0028
vn 0.0387 -0.5309 -0.8466
vn -0.9970 -0.0770 0.0028
# 6 vertex normals

vt 1.0000 0.0000 0.0000
vt 1.0000 1.0000 0.0000
vt 0.0000 1.0000 0.0000
vt 0.0000 0.0000 0.0000
# 4 texture coords

g Box016
s 2
f 241/121/181 242/122/181 243/123/181 244/124/181 
s 4
f 245/124/182 246/121/182 247/122/182 248/123/182 
s 8
f 241/124/183 244/121/183 246/122/183 245/123/183 
s 16
f 244/124/184 243/121/184 247/122/184 246/123/184 
s 32
f 243/124/185 242/121/185 248/122/185 247/123/185 
s 64
f 242/124/186 241/121/186 245/122/186 248/123/186 
# 6 polygons

#
# object Box015
#

v  3.6865 8.7608 3.2951
v  3.2316 13.8709 -3.0821
v  3.3537 13.8752 -3.0874
v  3.8087 8.7650 3.2898
v  3.6865 9.0202 3.5030
v  3.8086 9.0245 3.4977
v  3.3537 14.1346 -2.8795
v  3.2316 14.1304 -2.8742
# 8 vertices

vn 0.0001 -0.7804 -0.6253
vn -0.0001 0.7804 0.6253
vn 0.0556 -0.6244 0.7792
vn 0.9985 0.0348 -0.0433
vn -0.0556 0.6244 -0.7792
vn -0.9985 -0.0348 0.0433
# 6 vertex normals

vt 1.0000 0.0000 0.0000
vt 1.0000 1.0000 0.0000
vt 0.0000 1.0000 0.0000
vt 0.0000 0.0000 0.0000
# 4 texture coords

g Box015
s 2
f 249/125/187 250/126/187 251/127/187 252/128/187 
s 4
f 253/128/188 254/125/188 255/126/188 256/127/188 
s 8
f 249/128/189 252/125/189 254/126/189 253/127/189 
s 16
f 252/128/190 251/125/190 255/126/190 254/127/190 
s 32
f 251/128/191 250/125/191 256/126/191 255/127/191 
s 64
f 250/128/192 249/125/192 253/126/192 256/127/192 
# 6 polygons

#
# object Box014
#

v  3.7211 8.4874 3.4315
v  4.0334 4.3951 -3.6497
v  4.1554 4.4043 -3.6497
v  3.8431 8.4967 3.4316
v  3.6995 8.7743 3.2648
v  3.8215 8.7835 3.2649
v  4.1337 4.6911 -3.8164
v  4.0118 4.6819 -3.8165
# 8 vertices

vn 0.0651 -0.8627 0.5015
vn -0.0651 0.8627 -0.5015
vn -0.0382 0.5000 0.8652
vn 0.9971 0.0755 0.0004
vn 0.0382 -0.5000 -0.8652
vn -0.9971 -0.0755 -0.0004
# 6 vertex normals

vt 1.0000 0.0000 0.0000
vt 1.0000 1.0000 0.0000
vt 0.0000 1.0000 0.0000
vt 0.0000 0.0000 0.0000
# 4 texture coords

g Box014
s 2
f 257/129/193 258/130/193 259/131/193 260/132/193 
s 4
f 261/132/194 262/129/194 263/130/194 264/131/194 
s 8
f 257/132/195 260/129/195 262/130/195 261/131/195 
s 16
f 260/132/196 259/129/196 263/130/196 262/131/196 
s 32
f 259/132/197 258/129/197 264/130/197 263/131/197 
s 64
f 258/132/198 257/129/198 261/130/198 264/131/198 
# 6 polygons

#
# object Box013
#

v  2.7071 19.9059 2.7137
v  2.7071 19.9059 -2.6857
v  2.8290 19.9165 -2.6857
v  2.8290 19.9165 2.7137
v  2.6782 20.2371 2.7137
v  2.8000 20.2477 2.7137
v  2.8000 20.2477 -2.6857
v  2.6782 20.2371 -2.6857
# 8 vertices

vn 0.0872 -0.9962 0.0000
vn -0.0872 0.9962 -0.0000
vn -0.0000 0.0000 1.0000
vn 0.9962 0.0872 -0.0000
vn 0.0000 -0.0000 -1.0000
vn -0.9962 -0.0872 0.0000
# 6 vertex normals

vt 1.0000 0.0000 0.0000
vt 1.0000 1.0000 0.0000
vt 0.0000 1.0000 0.0000
vt 0.0000 0.0000 0.0000
# 4 texture coords

g Box013
s 2
f 265/133/199 266/134/199 267/135/199 268/136/199 
s 4
f 269/136/200 270/133/200 271/134/200 272/135/200 
s 8
f 265/136/201 268/133/201 270/134/201 269/135/201 
s 16
f 268/136/202 267/133/202 271/134/202 270/135/202 
s 32
f 267/136/203 266/133/203 272/134/203 271/135/203 
s 64
f 266/136/204 265/133/204 269/134/204 272/135/204 
# 6 polygons

#
# object Box012
#

v  2.9194 17.3716 2.9811
v  2.9194 17.3716 -2.9530
v  3.0412 17.3823 -2.9530
v  3.0412 17.3823 2.9811
v  2.8904 17.7028 2.9811
v  3.0123 17.7135 2.9811
v  3.0123 17.7135 -2.9530
v  2.8904 17.7028 -2.9530
# 8 vertices

vn 0.0872 -0.9962 0.0000
vn -0.0872 0.9962 -0.0000
vn -0.0000 0.0000 1.0000
vn 0.9962 0.0872 -0.0000
vn 0.0000 -0.0000 -1.0000
vn -0.9962 -0.0872 0.0000
# 6 vertex normals

vt 1.0000 0.0000 0.0000
vt 1.0000 1.0000 0.0000
vt 0.0000 1.0000 0.0000
vt 0.0000 0.0000 0.0000
# 4 texture coords

g Box012
s 2
f 273/137/205 274/138/205 275/139/205 276/140/205 
s 4
f 277/140/206 278/137/206 279/138/206 280/139/206 
s 8
f 273/140/207 276/137/207 278/138/207 277/139/207 
s 16
f 276/140/208 275/137/208 279/138/208 278/139/208 
s 32
f 275/140/209 274/137/209 280/138/209 279/139/209 
s 64
f 274/140/210 273/137/210 277/138/210 280/139/210 
# 6 polygons

#
# object Box011
#

v  3.2323 13.7609 3.2594
v  3.2323 13.7609 -3.2313
v  3.3541 13.7715 -3.2313
v  3.3541 13.7715 3.2594
v  3.2033 14.0921 3.2594
v  3.3252 14.1027 3.2594
v  3.3252 14.1027 -3.2313
v  3.2033 14.0921 -3.2313
# 8 vertices

vn 0.0872 -0.9962 0.0000
vn -0.0872 0.9962 -0.0000
vn -0.0000 0.0000 1.0000
vn 0.9962 0.0872 -0.0000
vn 0.0000 -0.0000 -1.0000
vn -0.9962 -0.0872 0.0000
# 6 vertex normals

vt 1.0000 0.0000 0.0000
vt 1.0000 1.0000 0.0000
vt 0.0000 1.0000 0.0000
vt 0.0000 0.0000 0.0000
# 4 texture coords

g Box011
s 2
f 281/141/211 282/142/211 283/143/211 284/144/211 
s 4
f 285/144/212 286/141/212 287/142/212 288/143/212 
s 8
f 281/144/213 284/141/213 286/142/213 285/143/213 
s 16
f 284/144/214 283/141/214 287/142/214 286/143/214 
s 32
f 283/144/215 282/141/215 288/142/215 287/143/215 
s 64
f 282/144/216 281/141/216 285/142/216 288/143/216 
# 6 polygons

#
# object Box010
#

v  3.6812 8.6673 3.5596
v  3.6812 8.6673 -3.5316
v  3.8031 8.6779 -3.5316
v  3.8031 8.6779 3.5596
v  3.6523 8.9985 3.5596
v  3.7741 9.0091 3.5596
v  3.7741 9.0091 -3.5316
v  3.6523 8.9985 -3.5316
# 8 vertices

vn 0.0872 -0.9962 0.0000
vn -0.0872 0.9962 -0.0000
vn -0.0000 0.0000 1.0000
vn 0.9962 0.0872 -0.0000
vn 0.0000 -0.0000 -1.0000
vn -0.9962 -0.0872 0.0000
# 6 vertex normals

vt 1.0000 0.0000 0.0000
vt 1.0000 1.0000 0.0000
vt 0.0000 1.0000 0.0000
vt 0.0000 0.0000 0.0000
# 4 texture coords

g Box010
s 2
f 289/145/217 290/146/217 291/147/217 292/148/217 
s 4
f 293/148/218 294/145/218 295/146/218 296/147/218 
s 8
f 289/148/219 292/145/219 294/146/219 293/147/219 
s 16
f 292/148/220 291/145/220 295/146/220 294/147/220 
s 32
f 291/148/221 290/145/221 296/146/221 295/147/221 
s 64
f 290/148/222 289/145/222 293/146/222 296/147/222 
# 6 polygons

#
# object Box008
#

v  4.6132 0.1395 -4.5920
v  4.6132 0.0891 -4.0156
v  4.4840 0.0778 -4.0166
v  4.4840 0.1282 -4.5929
v  2.8451 20.2726 -2.8305
v  2.7158 20.2614 -2.8315
v  2.7158 20.2109 -2.2552
v  2.8451 20.2222 -2.2542
# 8 vertices

vn 0.0872 -0.9924 -0.0868
vn -0.0872 0.9924 0.0868
vn -0.0000 0.0872 -0.9962
vn -0.9962 -0.0868 -0.0076
vn 0.0000 -0.0872 0.9962
vn 0.9962 0.0868 0.0076
# 6 vertex normals

vt 1.0000 0.0000 0.0000
vt 1.0000 1.0000 0.0000
vt 0.0000 1.0000 0.0000
vt 0.0000 0.0000 0.0000
# 4 texture coords

g Box008
s 2
f 297/149/223 298/150/223 299/151/223 300/152/223 
s 4
f 301/152/224 302/149/224 303/150/224 304/151/224 
s 8
f 297/152/225 300/149/225 302/150/225 301/151/225 
s 16
f 300/152/226 299/149/226 303/150/226 302/151/226 
s 32
f 299/152/227 298/149/227 304/150/227 303/151/227 
s 64
f 298/152/228 297/149/228 301/150/228 304/151/228 
# 6 polygons

#
# object Box007
#

v  4.0375 0.0895 -4.5980
v  4.6138 0.1397 -4.5936
v  4.6138 0.1284 -4.4643
v  4.0375 0.0782 -4.4687
v  2.2693 20.2226 -2.8365
v  2.2693 20.2113 -2.7073
v  2.8457 20.2615 -2.7029
v  2.8457 20.2728 -2.8321
# 8 vertices

vn 0.0872 -0.9924 -0.0868
vn -0.0872 0.9924 0.0868
vn -0.9962 -0.0868 -0.0076
vn 0.0000 -0.0872 0.9962
vn 0.9962 0.0868 0.0076
vn -0.0000 0.0872 -0.9962
# 6 vertex normals

vt 1.0000 0.0000 0.0000
vt 1.0000 1.0000 0.0000
vt 0.0000 1.0000 0.0000
vt 0.0000 0.0000 0.0000
# 4 texture coords

g Box007
s 2
f 305/153/229 306/154/229 307/155/229 308/156/229 
s 4
f 309/156/230 310/153/230 311/154/230 312/155/230 
s 8
f 305/156/231 308/153/231 310/154/231 309/155/231 
s 16
f 308/156/232 307/153/232 311/154/232 310/155/232 
s 32
f 307/156/233 306/153/233 312/154/233 311/155/233 
s 64
f 306/156/234 305/153/234 309/154/234 312/155/234 
# 6 polygons

#
# object Box006
#

v  4.5915 0.1395 4.6035
v  4.0152 0.0893 4.6079
v  4.0152 0.0780 4.4787
v  4.5915 0.1282 4.4743
v  2.8234 20.2726 2.8421
v  2.8234 20.2613 2.7129
v  2.2470 20.2111 2.7173
v  2.2470 20.2224 2.8465
# 8 vertices

vn 0.0872 -0.9924 0.0868
vn -0.0872 0.9924 -0.0868
vn 0.9962 0.0868 -0.0076
vn 0.0000 -0.0872 -0.9962
vn -0.9962 -0.0868 0.0076
vn -0.0000 0.0872 0.9962
# 6 vertex normals

vt 1.0000 0.0000 0.0000
vt 1.0000 1.0000 0.0000
vt 0.0000 1.0000 0.0000
vt 0.0000 0.0000 0.0000
# 4 texture coords

g Box006
s 2
f 313/157/235 314/158/235 315/159/235 316/160/235 
s 4
f 317/160/236 318/157/236 319/158/236 320/159/236 
s 8
f 313/160/237 316/157/237 318/158/237 317/159/237 
s 16
f 316/160/238 315/157/238 319/158/238 318/159/238 
s 32
f 315/160/239 314/157/239 320/158/239 319/159/239 
s 64
f 314/160/240 313/157/240 317/158/240 320/159/240 
# 6 polygons

#
# object Box005
#

v  4.5931 0.0893 4.0278
v  4.5931 0.1397 4.6041
v  4.4639 0.1284 4.6051
v  4.4639 0.0780 4.0288
v  2.8250 20.2224 2.2664
v  2.6957 20.2111 2.2673
v  2.6957 20.2616 2.8437
v  2.8250 20.2728 2.8427
# 8 vertices

vn 0.0872 -0.9924 0.0868
vn -0.0872 0.9924 -0.0868
vn -0.0000 -0.0872 -0.9962
vn -0.9962 -0.0868 0.0076
vn 0.0000 0.0872 0.9962
vn 0.9962 0.0868 -0.0076
# 6 vertex normals

vt 1.0000 0.0000 0.0000
vt 1.0000 1.0000 0.0000
vt 0.0000 1.0000 0.0000
vt 0.0000 0.0000 0.0000
# 4 texture coords

g Box005
s 2
f 321/161/241 322/162/241 323/163/241 324/164/241 
s 4
f 325/164/242 326/161/242 327/162/242 328/163/242 
s 8
f 321/164/243 324/161/243 326/162/243 325/163/243 
s 16
f 324/164/244 323/161/244 327/162/244 326/163/244 
s 32
f 323/164/245 322/161/245 328/162/245 327/163/245 
s 64
f 322/164/246 321/161/246 325/162/246 328/163/246 
# 6 polygons

#
# object Box004
#

v  -4.6409 0.1395 4.5213
v  -4.6453 0.0893 3.9449
v  -4.5160 0.0780 3.9449
v  -4.5116 0.1282 4.5213
v  -2.8795 20.2726 2.7531
v  -2.7502 20.2613 2.7531
v  -2.7546 20.2111 2.1767
v  -2.8839 20.2224 2.1767
# 8 vertices

vn -0.0868 -0.9924 0.0872
vn 0.0868 0.9924 -0.0872
vn 0.0076 0.0868 0.9962
vn 0.9962 -0.0872 0.0000
vn -0.0076 -0.0868 -0.9962
vn -0.9962 0.0872 -0.0000
# 6 vertex normals

vt 1.0000 0.0000 0.0000
vt 1.0000 1.0000 0.0000
vt 0.0000 1.0000 0.0000
vt 0.0000 0.0000 0.0000
# 4 texture coords

g Box004
s 2
f 329/165/247 330/166/247 331/167/247 332/168/247 
s 4
f 333/168/248 334/165/248 335/166/248 336/167/248 
s 8
f 329/168/249 332/165/249 334/166/249 333/167/249 
s 16
f 332/168/250 331/165/250 335/166/250 334/167/250 
s 32
f 331/168/251 330/165/251 336/166/251 335/167/251 
s 64
f 330/168/252 329/165/252 333/166/252 336/167/252 
# 6 polygons

#
# object Box003
#

v  -4.0651 0.0893 4.5229
v  -4.6415 0.1397 4.5229
v  -4.6425 0.1284 4.3936
v  -4.0661 0.0780 4.3936
v  -2.3037 20.2224 2.7547
v  -2.3047 20.2111 2.6255
v  -2.8810 20.2616 2.6255
v  -2.8801 20.2728 2.7547
# 8 vertices

vn -0.0868 -0.9924 0.0872
vn 0.0868 0.9924 -0.0872
vn 0.9962 -0.0872 -0.0000
vn -0.0076 -0.0868 -0.9962
vn -0.9962 0.0872 0.0000
vn 0.0076 0.0868 0.9962
# 6 vertex normals

vt 1.0000 0.0000 0.0000
vt 1.0000 1.0000 0.0000
vt 0.0000 1.0000 0.0000
vt 0.0000 0.0000 0.0000
# 4 texture coords

g Box003
s 2
f 337/169/253 338/170/253 339/171/253 340/172/253 
s 4
f 341/172/254 342/169/254 343/170/254 344/171/254 
s 8
f 337/172/255 340/169/255 342/170/255 341/171/255 
s 16
f 340/172/256 339/169/256 343/170/256 342/171/256 
s 32
f 339/172/257 338/169/257 344/170/257 343/171/257 
s 64
f 338/172/258 337/169/258 341/170/258 344/171/258 
# 6 polygons

#
# object Box002
#

v  -4.6192 0.1395 -4.5323
v  -4.0428 0.0891 -4.5323
v  -4.0438 0.0778 -4.4030
v  -4.6202 0.1282 -4.4030
v  -2.8578 20.2726 -2.7642
v  -2.8587 20.2614 -2.6349
v  -2.2824 20.2109 -2.6349
v  -2.2814 20.2222 -2.7642
# 8 vertices

vn -0.0868 -0.9924 -0.0872
vn 0.0868 0.9924 0.0872
vn -0.9962 0.0872 0.0000
vn -0.0076 -0.0868 0.9962
vn 0.9962 -0.0872 -0.0000
vn 0.0076 0.0868 -0.9962
# 6 vertex normals

vt 1.0000 0.0000 0.0000
vt 1.0000 1.0000 0.0000
vt 0.0000 1.0000 0.0000
vt 0.0000 0.0000 0.0000
# 4 texture coords

g Box002
s 2
f 345/173/259 346/174/259 347/175/259 348/176/259 
s 4
f 349/176/260 350/173/260 351/174/260 352/175/260 
s 8
f 345/176/261 348/173/261 350/174/261 349/175/261 
s 16
f 348/176/262 347/173/262 351/174/262 350/175/262 
s 32
f 347/176/263 346/173/263 352/174/263 351/175/263 
s 64
f 346/176/264 345/173/264 349/174/264 352/175/264 
# 6 polygons

